t = [0.200, 0.200, 0.222, 0.222, 0.286, 0.286, 0.400, 0.400, 0.667, 0.667, 2.000, 2.000]';
y = [0.1024, 0.0952, 0.1116, 0.1012, 0.1169, 0.1066, 0.1693, 0.1803, 0.2428, 0.2366, 0.4846, 0.4452]';
f = @(x1, x2) y - x1 .* t ./ (x2 + t);
x0 = [1, 2]';